00110000
11110001
00000000
00000000
00000000
00000000
00000000
00000000
00000000
00000100
00110000
11110010
00000000
00000000
00000000
00000000
00000000
00000000
00000000
00000100
00100000
00100000
01100001
00010000
01110011
00000000
00000000
00000000
00000000
00000000
00000000
00000010
10001000
01110110
00000000
00000000
00000000
00000000
00000000
00000000
00000010
10001000
01100001
00100001
01110011
00000000
00000000
00000000
00000000
00000000
00000000
00000010
10001000
01110110
00000000
00000000
00000000
00000000
00000000
00000000
00000001
01100000
01100000
00100001
00100000
00100000
00100000
00010010
00100000
00000001
01110000
00101010
00000000
00000000
00000000
00000000
00000000
00000000
00000000
00100000
00100000
00000000